0,0,0;0,0,0;0,0,0;0,0,0;0,0,0;0,0,0;0,0,0;0,0,0;0,0,0;0,0,0;0,0,0;0,0,0;12,0,166;12,0,166;12,0,166;12,0,166;12,0,166;12,0,166;12,0,166;0,0,0;0,0,0;0,0,0;0,0,0;0,0,0;0,0,0;0,0,0;0,0,0;0,0,0;0,0,0;0,0,0;0,0,0;0,0,0;0,0,0;0,0,0;0,0,0;0,0,0;0,0,0;0,0,0;0,0,0;0,0,0
0,0,0;0,0,0;0,0,0;0,0,0;0,0,0;0,0,0;0,0,0;0,0,0;0,0,0;0,0,0;12,0,166;12,0,166;255,242,0;255,242,0;255,242,0;255,242,0;255,242,0;255,242,0;255,242,0;18,9,145;12,0,166;0,0,0;0,0,0;0,0,0;0,0,0;0,0,0;0,0,0;0,0,0;0,0,0;0,0,0;0,0,0;0,0,0;0,0,0;0,0,0;0,0,0;0,0,0;0,0,0;0,0,0;0,0,0;0,0,0
0,0,0;0,0,0;0,0,0;0,0,0;0,0,0;0,0,0;0,0,0;0,0,0;12,0,166;12,0,166;255,242,0;255,242,0;255,242,0;240,227,10;240,227,10;12,0,166;12,0,166;12,0,166;12,0,166;12,0,166;12,0,166;0,0,0;0,0,0;0,0,0;0,0,0;0,0,0;0,0,0;0,0,0;0,0,0;0,0,0;0,0,0;0,0,0;0,0,0;0,0,0;0,0,0;0,0,0;0,0,0;0,0,0;0,0,0;0,0,0
0,0,0;0,0,0;0,0,0;0,0,0;12,0,166;12,0,166;12,0,166;12,0,166;0,0,0;12,0,166;240,227,10;255,251,0;255,246,0;12,0,166;12,0,166;239,226,15;239,226,15;255,242,0;255,242,0;255,242,0;12,0,166;0,0,0;12,0,166;12,0,166;12,0,166;12,0,166;12,0,166;12,0,166;0,0,0;0,0,0;12,0,166;12,0,166;12,0,166;12,0,166;12,0,166;12,0,166;12,0,166;0,0,0;0,0,0;0,0,0
0,0,0;0,0,0;12,0,166;12,0,166;255,242,0;255,242,0;255,242,0;255,242,0;50,39,160;25,15,157;41,29,146;236,223,13;255,242,0;255,242,0;255,242,0;255,242,0;235,223,26;240,227,10;44,33,145;46,34,143;255,242,0;255,242,0;255,242,0;255,242,0;255,242,0;255,242,0;255,242,0;255,242,0;255,242,0;12,0,166;255,242,0;217,204,21;222,209,18;222,209,18;224,212,17;222,210,19;255,242,0;12,0,166;12,0,166;0,0,0
0,0,0;12,0,166;255,242,0;255,242,0;255,242,0;12,0,166;12,0,166;255,242,0;255,242,0;255,242,0;236,223,13;12,0,166;12,0,166;12,0,166;12,0,166;12,0,166;12,0,166;12,0,166;236,222,13;236,222,13;255,249,7;255,243,0;255,252,11;255,251,0;12,0,166;12,0,166;12,0,166;12,0,166;236,223,8;233,226,31;12,0,166;12,0,166;12,0,166;12,0,166;12,0,166;12,0,166;255,242,0;255,242,0;3,2,137;18,9,142
12,0,166;12,0,166;255,242,0;12,0,166;12,0,166;12,0,166;12,0,166;12,0,166;12,0,166;255,246,0;255,251,0;221,208,23;217,204,21;217,204,21;8,0,169;240,233,23;236,228,16;236,225,16;255,253,0;255,253,0;255,248,5;255,247,0;255,255,27;240,227,10;217,204,21;217,204,21;217,204,21;217,204,22;12,0,166;255,249,3;223,223,26;236,224,16;21,10,160;6,5,176;24,13,159;27,14,155;255,254,33;255,242,0;20,12,139;18,9,142
0,0,0;12,0,166;255,242,0;255,242,0;255,242,0;31,19,153;31,19,153;22,10,159;236,223,13;255,242,0;240,227,10;27,14,151;12,0,166;12,0,166;12,0,166;245,233,11;255,255,2;255,255,0;255,245,0;255,245,0;255,242,0;255,251,0;240,233,18;12,0,166;12,0,166;12,0,166;12,0,166;12,0,166;224,211,22;255,252,18;255,254,0;255,250,8;240,227,10;34,22,151;255,242,0;255,242,0;255,242,0;31,23,123;0,0,0;0,0,0
0,0,0;0,0,0;12,0,166;12,0,166;255,242,0;255,242,0;255,242,0;255,242,0;255,247,0;255,242,0;22,9,159;22,11,179;255,255,255;255,255,255;12,0,166;12,0,166;236,224,14;255,253,0;255,250,0;255,250,0;255,251,0;228,227,36;12,0,166;12,0,166;222,221,255;217,216,250;217,216,250;225,224,254;12,0,166;236,224,16;254,241,1;255,242,0;255,247,0;255,242,0;35,26,117;33,26,119;31,23,122;0,0,0;0,0,0;0,0,0
0,0,0;0,0,0;0,0,0;0,0,0;12,0,166;12,0,166;12,0,166;255,242,0;251,239,4;255,242,4;27,20,159;255,255,255;12,0,166;12,0,166;241,239,234;12,0,166;12,0,166;240,226,10;229,229,34;230,229,18;229,229,34;12,0,166;12,0,166;241,239,233;255,255,241;12,0,166;12,0,166;255,255,238;20,8,160;12,0,166;255,241,0;255,242,0;251,239,4;25,25,118;0,0,0;0,0,0;0,0,0;0,0,0;0,0,0;0,0,0
0,0,0;0,0,0;0,0,0;0,0,0;0,0,0;0,0,0;0,0,0;12,0,166;243,242,28;254,243,28;242,229,10;255,244,19;238,225,9;221,208,19;255,251,15;239,226,13;217,204,26;22,10,159;12,0,166;12,0,166;12,0,166;217,204,25;240,227,10;255,253,18;255,245,11;255,242,0;255,242,0;255,242,0;240,234,24;236,227,16;255,248,0;255,243,0;255,242,0;0,0,149;0,0,0;0,0,0;0,0,0;0,0,0;0,0,0;0,0,0
0,0,0;0,0,0;0,0,0;0,0,0;0,0,0;0,0,0;0,0,0;12,0,166;255,255,21;255,248,0;255,253,0;243,241,8;216,204,51;25,13,157;222,219,27;255,253,29;12,0,166;12,0,166;12,0,166;12,0,166;12,0,166;12,0,166;255,251,0;227,225,32;225,223,16;229,229,34;12,0,166;12,0,166;255,254,29;255,254,0;255,255,0;255,252,6;255,242,0;22,12,140;0,0,0;0,0,0;0,0,0;0,0,0;0,0,0;0,0,0
0,0,0;0,0,0;0,0,0;0,0,0;0,0,0;0,0,0;0,0,0;12,0,166;255,242,0;255,242,0;255,242,0;255,255,17;12,0,166;12,0,166;12,0,166;230,220,39;218,205,26;222,209,23;222,209,23;12,0,166;222,209,23;218,205,26;237,224,13;12,0,166;12,0,166;12,0,166;12,0,166;242,230,9;255,252,8;255,252,0;255,242,0;255,242,0;12,0,166;0,0,0;0,0,0;0,0,0;0,0,0;0,0,0;0,0,0;0,0,0
0,0,0;0,0,0;0,0,0;0,0,0;0,0,0;0,0,0;0,0,0;0,0,0;12,0,166;12,0,166;255,242,0;255,242,0;255,242,0;255,242,0;255,242,0;12,0,166;12,0,166;12,0,166;12,0,166;12,0,166;12,0,166;12,0,166;12,0,166;12,0,166;255,242,0;255,242,0;255,242,0;255,242,0;255,242,0;255,242,0;12,0,166;12,0,166;0,0,0;0,0,0;0,0,0;0,0,0;0,0,0;0,0,0;0,0,0;0,0,0
0,0,0;0,0,0;0,0,0;0,0,0;0,0,0;0,0,0;0,0,0;0,0,0;0,0,0;0,0,0;12,0,166;12,0,166;12,0,166;255,242,0;255,242,0;255,242,0;255,242,0;255,242,0;255,242,0;255,242,0;255,242,0;255,242,0;255,242,0;255,242,0;255,242,0;12,0,166;12,0,166;12,0,166;12,0,166;12,0,166;0,0,0;0,0,0;0,0,0;0,0,0;0,0,0;0,0,0;0,0,0;0,0,0;0,0,0;0,0,0
0,0,0;0,0,0;0,0,0;0,0,0;0,0,0;0,0,0;0,0,0;0,0,0;0,0,0;0,0,0;0,0,0;1,1,2;0,0,0;12,0,166;12,0,166;12,0,166;12,0,166;12,0,166;12,0,166;12,0,166;12,0,166;12,0,166;12,0,166;12,0,166;12,0,166;0,0,0;0,0,0;0,0,0;0,0,0;0,0,0;0,0,0;0,0,0;0,0,0;0,0,0;0,0,0;0,0,0;0,0,0;0,0,0;0,0,0;0,0,0
0,0,0;0,0,0;0,0,0;0,0,0;0,0,0;0,0,0;0,0,0;0,0,0;0,0,0;0,0,0;0,0,0;0,0,0;0,0,0;0,0,0;0,0,0;0,0,0;0,0,0;0,0,0;0,0,0;0,0,0;0,0,0;0,0,0;0,0,0;0,0,0;0,0,0;0,0,0;0,0,0;0,0,0;0,0,0;0,0,0;0,0,0;0,0,0;0,0,0;0,0,0;0,0,0;0,0,0;0,0,0;0,0,0;0,0,0;0,0,0
0,0,0;0,0,0;0,0,0;0,0,0;0,0,0;0,0,0;194,194,194;194,194,194;201,201,201;201,201,201;0,0,0;0,0,0;0,0,0;0,0,0;0,0,0;0,0,0;0,0,0;0,0,0;0,0,0;0,0,0;0,0,0;0,0,0;22,22,22;194,194,194;194,194,194;194,194,194;194,194,194;0,0,0;0,0,0;194,194,194;194,194,194;194,194,194;0,0,0;194,194,194;194,194,194;0,0,0;0,0,0;0,0,0;0,0,0;0,0,0
0,0,0;0,0,0;0,0,0;0,0,0;0,0,0;194,194,194;0,0,0;0,0,0;0,0,0;0,0,0;0,0,0;11,11,11;14,14,14;14,14,14;11,11,11;0,0,0;11,11,11;0,0,0;14,14,14;14,14,14;0,0,0;0,0,0;194,194,194;0,0,0;0,0,0;0,0,0;0,0,0;0,0,0;194,194,194;0,0,0;0,0,0;0,0,0;0,0,0;194,194,194;194,194,194;0,0,0;0,0,0;0,0,0;0,0,0;0,0,0
0,0,0;0,0,0;0,0,0;0,0,0;0,0,0;213,213,213;0,0,0;0,0,0;0,0,0;0,0,0;0,0,0;194,194,194;194,194,194;194,194,194;194,194,194;0,0,0;194,194,194;0,0,0;194,194,194;194,194,194;194,194,194;0,0,0;194,194,194;0,0,0;0,0,0;194,194,194;194,194,194;0,0,0;194,194,194;194,194,194;194,194,194;10,10,10;0,0,0;194,194,194;194,194,194;0,0,0;0,0,0;0,0,0;0,0,0;0,0,0
0,0,0;0,0,0;0,0,0;0,0,0;0,0,0;194,194,194;0,0,0;0,0,0;0,0,0;0,0,0;0,0,0;194,194,194;0,0,0;0,0,0;194,194,194;0,0,0;194,194,194;194,194,194;17,17,17;17,17,17;194,194,194;0,0,0;194,194,194;10,10,10;10,10,10;0,0,0;194,194,194;0,0,0;0,0,0;0,0,0;0,0,0;194,194,194;0,0,0;0,0,0;0,0,0;0,0,0;0,0,0;0,0,0;0,0,0;0,0,0
0,0,0;0,0,0;0,0,0;0,0,0;0,0,0;0,0,0;194,194,194;194,194,194;190,190,190;194,194,194;9,9,9;194,194,194;194,194,194;194,194,194;194,194,194;9,9,9;194,194,194;9,9,9;9,9,9;9,9,9;194,194,194;0,0,0;22,22,22;194,194,194;194,194,194;194,194,194;194,194,194;0,0,0;194,194,194;194,194,194;194,194,194;0,0,0;0,0,0;194,194,194;194,194,194;0,0,0;0,0,0;0,0,0;0,0,0;0,0,0
0,0,0;0,0,0;0,0,0;0,0,0;0,0,0;0,0,0;0,0,0;0,0,0;0,0,0;0,0,0;0,0,0;0,0,0;0,0,0;0,0,0;0,0,0;0,0,0;0,0,0;0,0,0;0,0,0;0,0,0;0,0,0;0,0,0;0,0,0;0,0,0;0,0,0;0,0,0;0,0,0;0,0,0;0,0,0;0,0,0;0,0,0;0,0,0;0,0,0;0,0,0;0,0,0;0,0,0;0,0,0;0,0,0;0,0,0;0,0,0
0,0,0;0,0,0;0,0,0;0,0,0;0,0,0;0,0,0;0,0,0;0,0,0;0,0,0;0,0,0;0,0,0;0,0,0;0,0,0;0,0,0;0,0,0;0,0,0;0,0,0;0,0,0;0,0,0;0,0,0;0,0,0;0,0,0;0,0,0;0,0,0;0,0,0;0,0,0;0,0,0;0,0,0;0,0,0;0,0,0;0,0,0;0,0,0;0,0,0;0,0,0;0,0,0;0,0,0;0,0,0;0,0,0;0,0,0;0,0,0
0,0,0;0,0,0;0,0,0;0,0,0;0,0,0;0,0,0;0,0,0;0,0,0;0,0,0;0,0,0;0,0,0;0,0,0;0,0,0;0,0,0;0,0,0;0,0,0;0,0,0;0,0,0;0,0,0;0,0,0;0,0,0;0,0,0;0,0,0;0,0,0;0,0,0;0,0,0;0,0,0;0,0,0;0,0,0;0,0,0;0,0,0;0,0,0;0,0,0;0,0,0;0,0,0;0,0,0;0,0,0;0,0,0;0,0,0;0,0,0
0,0,0;0,0,0;0,0,0;0,0,0;0,0,0;0,0,0;0,0,0;0,0,0;0,0,0;0,0,0;0,0,0;0,0,0;0,0,0;0,0,0;0,0,0;0,0,0;0,0,0;0,0,0;0,0,0;0,0,0;0,0,0;0,0,0;0,0,0;0,0,0;0,0,0;0,0,0;0,0,0;0,0,0;0,0,0;0,0,0;0,0,0;0,0,0;0,0,0;0,0,0;0,0,0;0,0,0;0,0,0;0,0,0;0,0,0;0,0,0
0,0,0;0,0,0;0,0,0;0,0,0;0,0,0;0,0,0;0,0,0;0,0,0;0,0,0;0,0,0;0,0,0;0,0,0;0,0,0;0,0,0;0,0,0;0,0,0;0,0,0;0,0,0;0,0,0;0,0,0;0,0,0;0,0,0;0,0,0;0,0,0;0,0,0;0,0,0;0,0,0;0,0,0;0,0,0;0,0,0;0,0,0;0,0,0;0,0,0;0,0,0;0,0,0;0,0,0;0,0,0;0,0,0;0,0,0;0,0,0
0,0,0;0,0,0;0,0,0;0,0,0;0,0,0;0,0,0;0,0,0;0,0,0;0,0,0;0,0,0;0,0,0;0,0,0;0,0,0;0,0,0;0,0,0;0,0,0;0,0,0;0,0,0;0,0,0;0,0,0;0,0,0;0,0,0;0,0,0;0,0,0;0,0,0;0,0,0;0,0,0;0,0,0;0,0,0;0,0,0;0,0,0;0,0,0;0,0,0;0,0,0;0,0,0;0,0,0;0,0,0;0,0,0;0,0,0;0,0,0
0,0,0;0,0,0;0,0,0;0,0,0;0,0,0;0,0,0;0,0,0;0,0,0;0,0,0;0,0,0;0,0,0;0,0,0;0,0,0;0,0,0;0,0,0;0,0,0;0,0,0;0,0,0;0,0,0;0,0,0;0,0,0;0,0,0;0,0,0;0,0,0;0,0,0;0,0,0;0,0,0;0,0,0;0,0,0;0,0,0;0,0,0;0,0,0;0,0,0;0,0,0;0,0,0;0,0,0;0,0,0;0,0,0;0,0,0;0,0,0
0,0,0;0,0,0;0,0,0;0,0,0;0,0,0;0,0,0;0,0,0;0,0,0;0,0,0;0,0,0;0,0,0;0,0,0;0,0,0;0,0,0;0,0,0;0,0,0;0,0,0;0,0,0;0,0,0;0,0,0;0,0,0;0,0,0;0,0,0;0,0,0;0,0,0;0,0,0;0,0,0;0,0,0;0,0,0;0,0,0;0,0,0;0,0,0;0,0,0;0,0,0;0,0,0;0,0,0;0,0,0;0,0,0;0,0,0;0,0,0
0,0,0;0,0,0;0,0,0;0,0,0;0,0,0;0,0,0;0,0,0;0,0,0;0,0,0;0,0,0;0,0,0;0,0,0;0,0,0;0,0,0;0,0,0;0,0,0;0,0,0;0,0,0;0,0,0;0,0,0;0,0,0;0,0,0;0,0,0;0,0,0;0,0,0;0,0,0;0,0,0;0,0,0;0,0,0;0,0,0;0,0,0;0,0,0;0,0,0;0,0,0;0,0,0;0,0,0;0,0,0;0,0,0;0,0,0;0,0,0
0,0,0;0,0,0;0,0,0;0,0,0;0,0,0;0,0,0;0,0,0;0,0,0;0,0,0;0,0,0;0,0,0;0,0,0;0,0,0;0,0,0;0,0,0;0,0,0;0,0,0;0,0,0;0,0,0;0,0,0;0,0,0;0,0,0;0,0,0;0,0,0;0,0,0;0,0,0;0,0,0;0,0,0;0,0,0;0,0,0;0,0,0;0,0,0;0,0,0;0,0,0;0,0,0;0,0,0;0,0,0;0,0,0;0,0,0;0,0,0
0,0,0;0,0,0;0,0,0;0,0,0;0,0,0;0,0,0;0,0,0;0,0,0;0,0,0;0,0,0;0,0,0;0,0,0;0,0,0;0,0,0;0,0,0;0,0,0;0,0,0;0,0,0;0,0,0;0,0,0;0,0,0;0,0,0;0,0,0;0,0,0;0,0,0;0,0,0;0,0,0;0,0,0;0,0,0;0,0,0;0,0,0;0,0,0;0,0,0;0,0,0;0,0,0;0,0,0;0,0,0;0,0,0;0,0,0;0,0,0
0,0,0;0,0,0;0,0,0;0,0,0;0,0,0;0,0,0;0,0,0;0,0,0;0,0,0;0,0,0;0,0,0;0,0,0;0,0,0;0,0,0;0,0,0;0,0,0;0,0,0;0,0,0;0,0,0;0,0,0;0,0,0;0,0,0;0,0,0;0,0,0;0,0,0;0,0,0;0,0,0;0,0,0;0,0,0;0,0,0;0,0,0;0,0,0;0,0,0;0,0,0;0,0,0;0,0,0;0,0,0;0,0,0;0,0,0;0,0,0
0,0,0;0,0,0;0,0,0;0,0,0;0,0,0;0,0,0;0,0,0;0,0,0;0,0,0;0,0,0;0,0,0;0,0,0;0,0,0;0,0,0;194,194,194;192,192,192;192,192,192;192,192,192;14,14,14;0,0,0;0,0,0;193,193,193;0,0,0;0,0,0;0,0,0;193,193,193;0,0,0;0,0,0;0,0,0;0,0,0;0,0,0;0,0,0;0,0,0;0,0,0;0,0,0;0,0,0;0,0,0;0,0,0;0,0,0;0,0,0
0,0,0;0,0,0;0,0,0;0,0,0;0,0,0;0,0,0;0,0,0;0,0,0;0,0,0;0,0,0;0,0,0;0,0,0;0,0,0;0,0,0;194,194,194;0,0,0;0,0,0;0,0,0;194,194,194;0,0,0;0,0,0;194,194,194;15,15,15;12,12,12;15,15,15;194,194,194;0,0,0;0,0,0;0,0,0;0,0,0;0,0,0;0,0,0;0,0,0;0,0,0;0,0,0;0,0,0;0,0,0;0,0,0;0,0,0;0,0,0
0,0,0;0,0,0;0,0,0;0,0,0;0,0,0;0,0,0;0,0,0;0,0,0;0,0,0;0,0,0;0,0,0;0,0,0;0,0,0;0,0,0;194,194,194;194,194,194;194,194,194;194,194,194;0,0,0;0,0,0;0,0,0;11,11,11;194,194,194;194,194,194;194,194,194;11,11,11;0,0,0;0,0,0;0,0,0;0,0,0;0,0,0;0,0,0;0,0,0;0,0,0;0,0,0;0,0,0;0,0,0;0,0,0;0,0,0;0,0,0
0,0,0;0,0,0;0,0,0;0,0,0;0,0,0;0,0,0;0,0,0;0,0,0;0,0,0;0,0,0;0,0,0;0,0,0;0,0,0;0,0,0;194,194,194;0,0,0;0,0,0;0,0,0;194,194,194;0,0,0;0,0,0;0,0,0;14,14,14;194,194,194;14,14,14;0,0,0;0,0,0;0,0,0;0,0,0;0,0,0;0,0,0;0,0,0;0,0,0;0,0,0;0,0,0;0,0,0;0,0,0;0,0,0;0,0,0;0,0,0
0,0,0;0,0,0;0,0,0;0,0,0;0,0,0;0,0,0;0,0,0;0,0,0;0,0,0;0,0,0;0,0,0;0,0,0;0,0,0;0,0,0;194,194,194;192,192,192;192,192,192;192,192,192;12,12,12;0,0,0;0,0,0;0,0,0;0,0,0;193,193,193;0,0,0;0,0,0;0,0,0;0,0,0;0,0,0;0,0,0;0,0,0;0,0,0;0,0,0;0,0,0;0,0,0;0,0,0;0,0,0;0,0,0;0,0,0;0,0,0
0,0,0;0,0,0;0,0,0;0,0,0;0,0,0;0,0,0;0,0,0;0,0,0;0,0,0;0,0,0;0,0,0;0,0,0;0,0,0;0,0,0;0,0,0;0,0,0;0,0,0;0,0,0;0,0,0;0,0,0;0,0,0;0,0,0;0,0,0;0,0,0;0,0,0;0,0,0;0,0,0;0,0,0;0,0,0;0,0,0;0,0,0;0,0,0;0,0,0;0,0,0;0,0,0;0,0,0;0,0,0;0,0,0;0,0,0;0,0,0
0,0,0;0,0,0;0,0,0;194,194,194;194,194,194;201,201,201;201,201,201;0,0,0;194,194,194;0,0,0;0,0,0;0,0,0;0,0,0;194,194,194;194,194,194;194,194,194;194,194,194;0,0,0;0,0,0;0,0,0;0,0,0;0,0,0;0,0,0;0,0,0;0,0,0;194,194,194;0,0,0;0,0,0;0,0,0;194,194,194;194,194,194;194,194,194;0,0,0;0,0,0;0,0,0;194,194,194;194,194,194;194,194,194;0,0,0;0,0,0
0,0,0;0,0,0;194,194,194;0,0,0;0,0,0;0,0,0;0,0,0;0,0,0;194,194,194;0,0,0;0,0,0;0,0,0;0,0,0;0,0,0;0,0,0;0,0,0;0,0,0;194,194,194;0,0,0;0,0,0;0,0,0;0,0,0;0,0,0;0,0,0;0,0,0;194,194,194;0,0,0;0,0,0;194,194,194;0,0,0;0,0,0;0,0,0;194,194,194;0,0,0;194,194,194;0,0,0;0,0,0;0,0,0;0,0,0;0,0,0
0,0,0;0,0,0;213,213,213;0,0,0;0,0,0;0,0,0;0,0,0;0,0,0;194,194,194;194,194,194;194,194,194;201,201,201;0,0,0;194,194,194;194,194,194;194,194,194;194,194,194;194,194,194;0,0,0;0,0,0;194,194,194;0,0,0;194,194,194;194,194,194;0,0,0;194,194,194;0,0,0;0,0,0;194,194,194;194,194,194;194,194,194;194,194,194;194,194,194;0,0,0;194,194,194;194,194,194;194,194,194;10,10,10;0,0,0;0,0,0
0,0,0;0,0,0;194,194,194;0,0,0;0,0,0;0,0,0;0,0,0;0,0,0;194,194,194;0,0,0;0,0,0;194,194,194;0,0,0;194,194,194;0,0,0;0,0,0;0,0,0;194,194,194;0,0,0;0,0,0;194,194,194;194,194,194;0,0,0;0,0,0;0,0,0;194,194,194;0,0,0;0,0,0;194,194,194;0,0,0;0,0,0;0,0,0;0,0,0;0,0,0;0,0,0;0,0,0;0,0,0;194,194,194;0,0,0;0,0,0
0,0,0;0,0,0;0,0,0;194,194,194;194,194,194;190,190,190;194,194,194;0,0,0;178,178,178;0,0,0;0,0,0;178,178,178;0,0,0;194,194,194;194,194,194;194,194,194;194,194,194;0,0,0;194,194,194;9,9,9;194,194,194;0,0,0;0,0,0;0,0,0;0,0,0;194,194,194;194,194,194;0,0,0;0,0,0;194,194,194;194,194,194;194,194,194;194,194,194;0,0,0;194,194,194;194,194,194;194,194,194;0,0,0;0,0,0;0,0,0
0,0,0;0,0,0;0,0,0;0,0,0;0,0,0;0,0,0;0,0,0;0,0,0;0,0,0;0,0,0;0,0,0;0,0,0;0,0,0;0,0,0;0,0,0;0,0,0;0,0,0;0,0,0;0,0,0;0,0,0;0,0,0;0,0,0;0,0,0;0,0,0;0,0,0;0,0,0;0,0,0;0,0,0;0,0,0;0,0,0;0,0,0;0,0,0;0,0,0;0,0,0;0,0,0;0,0,0;0,0,0;0,0,0;0,0,0;0,0,0
0,0,0;0,0,0;0,0,0;0,0,0;0,0,0;0,0,0;0,0,0;0,0,0;0,0,0;0,0,0;0,0,0;194,194,194;194,194,194;194,194,194;194,194,194;0,0,0;194,194,194;0,0,0;0,0,0;0,0,0;194,194,194;194,194,194;194,194,194;0,0,0;194,194,194;0,0,0;0,0,0;194,194,194;0,0,0;0,0,0;0,0,0;0,0,0;0,0,0;0,0,0;0,0,0;0,0,0;0,0,0;0,0,0;0,0,0;0,0,0
0,0,0;0,0,0;0,0,0;0,0,0;0,0,0;0,0,0;0,0,0;0,0,0;0,0,0;0,0,0;0,0,0;194,194,194;0,0,0;0,0,0;0,0,0;0,0,0;194,194,194;0,0,0;0,0,0;194,194,194;0,0,0;0,0,0;0,0,0;0,0,0;194,194,194;0,0,0;194,194,194;0,0,0;0,0,0;0,0,0;0,0,0;0,0,0;0,0,0;0,0,0;0,0,0;0,0,0;0,0,0;0,0,0;0,0,0;0,0,0
0,0,0;0,0,0;0,0,0;0,0,0;0,0,0;0,0,0;0,0,0;0,0,0;0,0,0;0,0,0;0,0,0;194,194,194;194,194,194;194,194,194;0,0,0;0,0,0;194,194,194;0,0,0;0,0,0;194,194,194;194,194,194;194,194,194;0,0,0;0,0,0;194,194,194;194,194,194;0,0,0;0,0,0;0,0,0;0,0,0;0,0,0;0,0,0;0,0,0;0,0,0;0,0,0;0,0,0;0,0,0;0,0,0;0,0,0;0,0,0
0,0,0;0,0,0;0,0,0;0,0,0;0,0,0;0,0,0;0,0,0;0,0,0;0,0,0;0,0,0;0,0,0;194,194,194;0,0,0;0,0,0;0,0,0;0,0,0;194,194,194;0,0,0;0,0,0;0,0,0;0,0,0;0,0,0;194,194,194;0,0,0;194,194,194;0,0,0;194,194,194;0,0,0;0,0,0;0,0,0;0,0,0;0,0,0;0,0,0;0,0,0;0,0,0;0,0,0;0,0,0;0,0,0;0,0,0;0,0,0
0,0,0;0,0,0;0,0,0;0,0,0;0,0,0;0,0,0;0,0,0;0,0,0;0,0,0;0,0,0;0,0,0;194,194,194;194,194,194;194,194,194;194,194,194;0,0,0;194,194,194;194,194,194;0,0,0;194,194,194;194,194,194;194,194,194;0,0,0;0,0,0;194,194,194;0,0,0;0,0,0;194,194,194;0,0,0;0,0,0;0,0,0;0,0,0;0,0,0;0,0,0;0,0,0;0,0,0;0,0,0;0,0,0;0,0,0;0,0,0
0,0,0;0,0,0;0,0,0;0,0,0;0,0,0;0,0,0;0,0,0;0,0,0;0,0,0;0,0,0;0,0,0;0,0,0;0,0,0;0,0,0;0,0,0;0,0,0;0,0,0;0,0,0;0,0,0;0,0,0;0,0,0;0,0,0;0,0,0;0,0,0;0,0,0;0,0,0;0,0,0;0,0,0;0,0,0;0,0,0;0,0,0;0,0,0;0,0,0;0,0,0;0,0,0;0,0,0;0,0,0;0,0,0;0,0,0;0,0,0
0,0,0;0,0,0;0,0,0;0,0,0;0,0,0;0,0,0;0,0,0;0,0,0;194,194,194;0,0,0;0,0,0;0,0,0;194,194,194;12,12,12;194,194,194;194,194,194;194,194,194;194,194,194;0,0,0;0,0,0;12,12,12;0,0,0;194,194,194;194,194,194;194,194,194;0,0,0;0,0,0;0,0,0;0,0,0;194,194,194;194,194,194;194,194,194;194,194,194;0,0,0;0,0,0;0,0,0;0,0,0;0,0,0;0,0,0;0,0,0
0,0,0;0,0,0;0,0,0;0,0,0;0,0,0;0,0,0;0,0,0;0,0,0;194,194,194;0,0,0;0,0,0;0,0,0;194,194,194;0,0,0;0,0,0;0,0,0;0,0,0;0,0,0;194,194,194;0,0,0;0,0,0;194,194,194;0,0,0;0,0,0;0,0,0;194,194,194;0,0,0;0,0,0;0,0,0;0,0,0;194,194,194;194,194,194;0,0,0;0,0,0;0,0,0;0,0,0;0,0,0;0,0,0;0,0,0;0,0,0
0,0,0;0,0,0;0,0,0;0,0,0;0,0,0;0,0,0;0,0,0;0,0,0;0,0,0;194,194,194;194,194,194;194,194,194;0,0,0;0,0,0;194,194,194;194,194,194;194,194,194;194,194,194;194,194,194;0,0,0;0,0,0;194,194,194;0,0,0;0,0,0;194,194,194;194,194,194;0,0,0;0,0,0;0,0,0;0,0,0;194,194,194;194,194,194;0,0,0;0,0,0;0,0,0;0,0,0;0,0,0;0,0,0;0,0,0;0,0,0
0,0,0;0,0,0;0,0,0;0,0,0;0,0,0;0,0,0;0,0,0;0,0,0;0,0,0;0,0,0;194,194,194;0,0,0;0,0,0;0,0,0;194,194,194;0,0,0;0,0,0;0,0,0;194,194,194;0,0,0;0,0,0;194,194,194;0,0,0;194,194,194;0,0,0;194,194,194;0,0,0;194,194,194;0,0,0;0,0,0;194,194,194;194,194,194;0,0,0;0,0,0;0,0,0;0,0,0;0,0,0;0,0,0;0,0,0;0,0,0
0,0,0;0,0,0;0,0,0;0,0,0;0,0,0;0,0,0;0,0,0;0,0,0;0,0,0;0,0,0;194,194,194;0,0,0;0,0,0;9,9,9;194,194,194;194,194,194;194,194,194;194,194,194;0,0,0;194,194,194;0,0,0;0,0,0;194,194,194;194,194,194;194,194,194;0,0,0;194,194,194;0,0,0;0,0,0;194,194,194;194,194,194;194,194,194;194,194,194;0,0,0;0,0,0;0,0,0;0,0,0;0,0,0;0,0,0;0,0,0
0,0,0;0,0,0;0,0,0;0,0,0;0,0,0;0,0,0;0,0,0;0,0,0;0,0,0;0,0,0;0,0,0;0,0,0;0,0,0;0,0,0;0,0,0;0,0,0;0,0,0;0,0,0;0,0,0;0,0,0;0,0,0;0,0,0;0,0,0;0,0,0;0,0,0;0,0,0;0,0,0;0,0,0;0,0,0;0,0,0;0,0,0;0,0,0;0,0,0;0,0,0;0,0,0;0,0,0;0,0,0;0,0,0;0,0,0;0,0,0
0,0,0;0,0,0;0,0,0;0,0,0;0,0,0;0,0,0;0,0,0;0,0,0;0,0,0;0,0,0;0,0,0;0,0,0;0,0,0;0,0,0;0,0,0;0,0,0;0,0,0;0,0,0;0,0,0;0,0,0;0,0,0;0,0,0;0,0,0;0,0,0;0,0,0;0,0,0;0,0,0;0,0,0;0,0,0;0,0,0;0,0,0;0,0,0;0,0,0;0,0,0;0,0,0;0,0,0;0,0,0;0,0,0;0,0,0;0,0,0
0,0,0;0,0,0;0,0,0;0,0,0;0,0,0;0,0,0;0,0,0;0,0,0;0,0,0;0,0,0;0,0,0;0,0,0;0,0,0;0,0,0;0,0,0;0,0,0;0,0,0;0,0,0;0,0,0;0,0,0;0,0,0;0,0,0;0,0,0;0,0,0;0,0,0;0,0,0;0,0,0;0,0,0;0,0,0;0,0,0;0,0,0;0,0,0;0,0,0;0,0,0;0,0,0;0,0,0;0,0,0;0,0,0;0,0,0;0,0,0
0,0,0;0,0,0;0,0,0;0,0,0;0,0,0;0,0,0;0,0,0;0,0,0;0,0,0;0,0,0;0,0,0;0,0,0;0,0,0;0,0,0;0,0,0;0,0,0;0,0,0;0,0,0;0,0,0;0,0,0;0,0,0;0,0,0;0,0,0;0,0,0;0,0,0;0,0,0;0,0,0;0,0,0;0,0,0;0,0,0;0,0,0;0,0,0;0,0,0;0,0,0;0,0,0;0,0,0;0,0,0;0,0,0;0,0,0;0,0,0
0,0,0;0,0,0;0,0,0;0,0,0;0,0,0;0,0,0;0,0,0;0,0,0;0,0,0;0,0,0;0,0,0;0,0,0;0,0,0;0,0,0;0,0,0;0,0,0;0,0,0;0,0,0;0,0,0;0,0,0;0,0,0;0,0,0;0,0,0;0,0,0;0,0,0;0,0,0;0,0,0;0,0,0;0,0,0;0,0,0;0,0,0;0,0,0;0,0,0;0,0,0;0,0,0;0,0,0;0,0,0;0,0,0;0,0,0;0,0,0
0,0,0;0,0,0;0,0,0;0,0,0;0,0,0;0,0,0;0,0,0;0,0,0;0,0,0;0,0,0;0,0,0;0,0,0;0,0,0;0,0,0;0,0,0;0,0,0;0,0,0;0,0,0;0,0,0;0,0,0;0,0,0;0,0,0;0,0,0;0,0,0;0,0,0;0,0,0;0,0,0;0,0,0;0,0,0;0,0,0;0,0,0;0,0,0;0,0,0;0,0,0;0,0,0;0,0,0;0,0,0;0,0,0;0,0,0;0,0,0
0,0,0;0,0,0;0,0,0;0,0,0;0,0,0;0,0,0;0,0,0;0,0,0;0,0,0;0,0,0;0,0,0;0,0,0;0,0,0;0,0,0;0,0,0;0,0,0;0,0,0;0,0,0;0,0,0;0,0,0;0,0,0;0,0,0;0,0,0;0,0,0;0,0,0;0,0,0;0,0,0;0,0,0;0,0,0;0,0,0;0,0,0;0,0,0;0,0,0;0,0,0;0,0,0;0,0,0;0,0,0;0,0,0;0,0,0;0,0,0
0,0,0;0,0,0;0,0,0;0,0,0;0,0,0;0,0,0;0,0,0;0,0,0;0,0,0;0,0,0;0,0,0;0,0,0;0,0,0;0,0,0;0,0,0;0,0,0;0,0,0;0,0,0;0,0,0;0,0,0;0,0,0;0,0,0;0,0,0;0,0,0;0,0,0;0,0,0;0,0,0;0,0,0;0,0,0;0,0,0;0,0,0;0,0,0;0,0,0;0,0,0;0,0,0;0,0,0;0,0,0;0,0,0;0,0,0;0,0,0
0,0,0;0,0,0;0,0,0;0,0,0;0,0,0;0,0,0;0,0,0;0,0,0;0,0,0;0,0,0;0,0,0;0,0,0;0,0,0;0,0,0;0,0,0;0,0,0;0,0,0;0,0,0;0,0,0;0,0,0;0,0,0;0,0,0;0,0,0;0,0,0;0,0,0;0,0,0;0,0,0;0,0,0;0,0,0;0,0,0;0,0,0;0,0,0;0,0,0;0,0,0;0,0,0;0,0,0;0,0,0;0,0,0;0,0,0;0,0,0
0,0,0;0,0,0;0,0,0;0,0,0;0,0,0;0,0,0;0,0,0;0,0,0;0,0,0;0,0,0;0,0,0;0,0,0;0,0,0;0,0,0;0,0,0;0,0,0;0,0,0;0,0,0;0,0,0;0,0,0;0,0,0;0,0,0;0,0,0;0,0,0;0,0,0;0,0,0;0,0,0;0,0,0;0,0,0;0,0,0;0,0,0;0,0,0;0,0,0;0,0,0;0,0,0;0,0,0;0,0,0;0,0,0;0,0,0;0,0,0
0,0,0;0,0,0;0,0,0;0,0,0;0,0,0;0,0,0;0,0,0;0,0,0;0,0,0;0,0,0;0,0,0;0,0,0;0,0,0;0,0,0;0,0,0;0,0,0;0,0,0;0,0,0;0,0,0;0,0,0;0,0,0;0,0,0;0,0,0;0,0,0;0,0,0;0,0,0;0,0,0;0,0,0;0,0,0;0,0,0;0,0,0;0,0,0;0,0,0;0,0,0;0,0,0;0,0,0;0,0,0;0,0,0;0,0,0;0,0,0
0,0,0;0,0,0;0,0,0;0,0,0;0,0,0;0,0,0;0,0,0;0,0,0;0,0,0;0,0,0;0,0,0;0,0,0;0,0,0;0,0,0;0,0,0;0,0,0;0,0,0;0,0,0;0,0,0;0,0,0;0,0,0;0,0,0;0,0,0;0,0,0;0,0,0;0,0,0;0,0,0;0,0,0;0,0,0;0,0,0;0,0,0;0,0,0;0,0,0;0,0,0;0,0,0;0,0,0;0,0,0;0,0,0;0,0,0;0,0,0
0,0,0;0,0,0;0,0,0;0,0,0;0,0,0;0,0,0;0,0,0;0,0,0;0,0,0;0,0,0;0,0,0;0,0,0;0,0,0;0,0,0;0,0,0;0,0,0;0,0,0;0,0,0;0,0,0;0,0,0;0,0,0;0,0,0;0,0,0;0,0,0;0,0,0;0,0,0;0,0,0;0,0,0;0,0,0;0,0,0;0,0,0;0,0,0;0,0,0;0,0,0;0,0,0;0,0,0;0,0,0;0,0,0;0,0,0;0,0,0
0,0,0;0,0,0;0,0,0;0,0,0;0,0,0;0,0,0;0,0,0;0,0,0;0,0,0;0,0,0;0,0,0;0,0,0;0,0,0;0,0,0;0,0,0;0,0,0;0,0,0;0,0,0;0,0,0;0,0,0;0,0,0;0,0,0;0,0,0;0,0,0;0,0,0;0,0,0;0,0,0;0,0,0;0,0,0;0,0,0;0,0,0;0,0,0;0,0,0;0,0,0;0,0,0;0,0,0;0,0,0;0,0,0;0,0,0;0,0,0
0,0,0;0,0,0;0,0,0;0,0,0;0,0,0;0,0,0;0,0,0;0,0,0;0,0,0;0,0,0;0,0,0;0,0,0;0,0,0;0,0,0;0,0,0;0,0,0;0,0,0;0,0,0;0,0,0;0,0,0;0,0,0;0,0,0;0,0,0;0,0,0;0,0,0;0,0,0;0,0,0;0,0,0;0,0,0;0,0,0;0,0,0;0,0,0;0,0,0;0,0,0;0,0,0;0,0,0;0,0,0;0,0,0;0,0,0;0,0,0
0,0,0;0,0,0;0,0,0;0,0,0;0,0,0;0,0,0;0,0,0;0,0,0;0,0,0;0,0,0;0,0,0;0,0,0;0,0,0;0,0,0;0,0,0;0,0,0;0,0,0;0,0,0;0,0,0;0,0,0;0,0,0;0,0,0;0,0,0;0,0,0;0,0,0;0,0,0;0,0,0;0,0,0;0,0,0;0,0,0;0,0,0;0,0,0;0,0,0;0,0,0;0,0,0;0,0,0;0,0,0;0,0,0;0,0,0;0,0,0
0,0,0;0,0,0;0,0,0;0,0,0;0,0,0;0,0,0;0,0,0;0,0,0;0,0,0;0,0,0;0,0,0;0,0,0;0,0,0;0,0,0;0,0,0;0,0,0;0,0,0;0,0,0;0,0,0;0,0,0;0,0,0;0,0,0;0,0,0;0,0,0;0,0,0;0,0,0;0,0,0;0,0,0;0,0,0;0,0,0;0,0,0;0,0,0;0,0,0;0,0,0;0,0,0;0,0,0;0,0,0;0,0,0;0,0,0;0,0,0
0,0,0;0,0,0;0,0,0;0,0,0;0,0,0;0,0,0;0,0,0;0,0,0;0,0,0;0,0,0;0,0,0;0,0,0;0,0,0;0,0,0;0,0,0;0,0,0;0,0,0;0,0,0;0,0,0;0,0,0;0,0,0;0,0,0;0,0,0;0,0,0;0,0,0;0,0,0;0,0,0;0,0,0;0,0,0;0,0,0;0,0,0;0,0,0;0,0,0;0,0,0;0,0,0;0,0,0;0,0,0;0,0,0;0,0,0;0,0,0
22,22,22;194,194,194;194,194,194;194,194,194;194,194,194;12,12,12;12,12,12;12,12,12;12,12,12;12,12,12;12,12,12;12,12,12;194,194,194;194,194,194;194,194,194;194,194,194;25,25,25;12,12,12;22,22,22;194,194,194;194,194,194;194,194,194;22,22,22;12,12,12;194,194,194;194,194,194;194,194,194;194,194,194;22,22,22;12,12,12;12,12,12;12,12,12;12,12,12;12,12,12;12,12,12;12,12,12;22,22,22;194,194,194;194,194,194;194,194,194
194,194,194;12,12,12;12,12,12;26,26,26;23,23,23;0,0,0;11,11,11;14,14,14;14,14,14;11,11,11;0,0,0;0,0,0;194,194,194;26,26,26;26,26,26;26,26,26;194,194,194;0,0,0;194,194,194;26,26,26;26,26,26;26,26,26;194,194,194;0,0,0;23,23,23;26,26,26;26,26,26;26,26,26;194,194,194;0,0,0;0,0,0;11,11,11;0,0,0;14,14,14;14,14,14;0,0,0;194,194,194;26,26,26;26,26,26;9,9,9
194,194,194;0,0,0;0,0,0;194,194,194;194,194,194;0,0,0;194,194,194;194,194,194;194,194,194;194,194,194;0,0,0;0,0,0;194,194,194;194,194,194;194,194,194;194,194,194;29,29,29;0,0,0;194,194,194;194,194,194;194,194,194;194,194,194;194,194,194;0,0,0;194,194,194;194,194,194;194,194,194;194,194,194;194,194,194;0,0,0;0,0,0;194,194,194;0,0,0;194,194,194;194,194,194;0,0,0;194,194,194;194,194,194;194,194,194;10,10,10
194,194,194;10,10,10;10,10,10;27,27,27;194,194,194;0,0,0;194,194,194;27,27,27;27,27,27;194,194,194;0,0,0;0,0,0;194,194,194;27,27,27;27,27,27;27,27,27;194,194,194;0,0,0;194,194,194;27,27,27;27,27,27;27,27,27;23,23,23;0,0,0;194,194,194;27,27,27;27,27,27;27,27,27;194,194,194;10,10,10;0,0,0;194,194,194;194,194,194;17,17,17;17,17,17;0,0,0;23,23,23;27,27,27;27,27,27;194,194,194
22,22,22;194,194,194;194,194,194;194,194,194;194,194,194;9,9,9;194,194,194;194,194,194;194,194,194;194,194,194;9,9,9;9,9,9;194,194,194;194,194,194;194,194,194;194,194,194;25,25,25;9,9,9;22,22,22;194,194,194;194,194,194;194,194,194;194,194,194;9,9,9;194,194,194;194,194,194;194,194,194;194,194,194;22,22,22;194,194,194;9,9,9;194,194,194;9,9,9;9,9,9;9,9,9;9,9,9;194,194,194;194,194,194;194,194,194;25,25,25
0,0,0;0,0,0;0,0,0;0,0,0;0,0,0;0,0,0;0,0,0;0,0,0;0,0,0;0,0,0;0,0,0;0,0,0;0,0,0;0,0,0;0,0,0;0,0,0;0,0,0;0,0,0;0,0,0;0,0,0;0,0,0;0,0,0;0,0,0;0,0,0;0,0,0;0,0,0;0,0,0;0,0,0;0,0,0;0,0,0;0,0,0;0,0,0;0,0,0;0,0,0;0,0,0;0,0,0;0,0,0;0,0,0;0,0,0;0,0,0
0,0,0;0,0,0;0,0,0;0,0,0;0,0,0;0,0,0;0,0,0;0,0,0;0,0,0;0,0,0;0,0,0;0,0,0;0,0,0;0,0,0;0,0,0;0,0,0;0,0,0;0,0,0;0,0,0;0,0,0;0,0,0;0,0,0;0,0,0;0,0,0;0,0,0;0,0,0;0,0,0;0,0,0;0,0,0;0,0,0;0,0,0;0,0,0;0,0,0;0,0,0;0,0,0;0,0,0;0,0,0;0,0,0;0,0,0;0,0,0
0,0,0;0,0,0;0,0,0;0,0,0;0,0,0;0,0,0;0,0,0;0,0,0;0,0,0;0,0,0;0,0,0;0,0,0;0,0,0;0,0,0;0,0,0;0,0,0;0,0,0;0,0,0;0,0,0;0,0,0;0,0,0;0,0,0;0,0,0;0,0,0;0,0,0;0,0,0;0,0,0;0,0,0;0,0,0;0,0,0;0,0,0;0,0,0;0,0,0;0,0,0;0,0,0;0,0,0;0,0,0;0,0,0;0,0,0;0,0,0
0,0,0;0,0,0;0,0,0;0,0,0;0,0,0;0,0,0;0,0,0;0,0,0;0,0,0;0,0,0;0,0,0;0,0,0;0,0,0;0,0,0;0,0,0;0,0,0;0,0,0;0,0,0;0,0,0;0,0,0;0,0,0;0,0,0;0,0,0;0,0,0;0,0,0;0,0,0;0,0,0;0,0,0;0,0,0;0,0,0;0,0,0;0,0,0;0,0,0;0,0,0;0,0,0;0,0,0;0,0,0;0,0,0;0,0,0;0,0,0
0,0,0;0,0,0;0,0,0;0,0,0;0,0,0;0,0,0;0,0,0;0,0,0;0,0,0;0,0,0;0,0,0;0,0,0;0,0,0;0,0,0;0,0,0;0,0,0;0,0,0;0,0,0;0,0,0;0,0,0;0,0,0;0,0,0;0,0,0;0,0,0;0,0,0;0,0,0;0,0,0;0,0,0;0,0,0;0,0,0;0,0,0;0,0,0;0,0,0;0,0,0;0,0,0;0,0,0;0,0,0;0,0,0;0,0,0;0,0,0
0,0,0;0,0,0;0,0,0;0,0,0;0,0,0;0,0,0;0,0,0;0,0,0;0,0,0;0,0,0;0,0,0;0,0,0;0,0,0;0,0,0;0,0,0;0,0,0;0,0,0;0,0,0;0,0,0;0,0,0;0,0,0;0,0,0;0,0,0;0,0,0;0,0,0;0,0,0;0,0,0;0,0,0;0,0,0;0,0,0;0,0,0;0,0,0;0,0,0;0,0,0;0,0,0;0,0,0;0,0,0;0,0,0;0,0,0;0,0,0
0,0,0;0,0,0;0,0,0;0,0,0;0,0,0;0,0,0;0,0,0;0,0,0;0,0,0;0,0,0;0,0,0;0,0,0;0,0,0;0,0,0;0,0,0;0,0,0;0,0,0;0,0,0;0,0,0;0,0,0;0,0,0;0,0,0;0,0,0;0,0,0;0,0,0;0,0,0;0,0,0;0,0,0;0,0,0;0,0,0;0,0,0;0,0,0;0,0,0;0,0,0;0,0,0;0,0,0;0,0,0;0,0,0;0,0,0;0,0,0
0,0,0;0,0,0;0,0,0;0,0,0;0,0,0;0,0,0;0,0,0;0,0,0;0,0,0;0,0,0;0,0,0;0,0,0;0,0,0;0,0,0;0,0,0;0,0,0;0,0,0;0,0,0;0,0,0;0,0,0;0,0,0;0,0,0;0,0,0;0,0,0;0,0,0;0,0,0;0,0,0;0,0,0;0,0,0;0,0,0;0,0,0;0,0,0;0,0,0;0,0,0;0,0,0;0,0,0;0,0,0;0,0,0;0,0,0;0,0,0
0,0,0;0,0,0;0,0,0;0,0,0;0,0,0;0,0,0;0,0,0;0,0,0;0,0,0;0,0,0;0,0,0;0,0,0;0,0,0;0,0,0;0,0,0;0,0,0;0,0,0;0,0,0;0,0,0;0,0,0;0,0,0;0,0,0;0,0,0;0,0,0;0,0,0;0,0,0;0,0,0;0,0,0;0,0,0;0,0,0;0,0,0;0,0,0;0,0,0;0,0,0;0,0,0;0,0,0;0,0,0;0,0,0;0,0,0;0,0,0
0,0,0;0,0,0;0,0,0;0,0,0;0,0,0;0,0,0;0,0,0;0,0,0;0,0,0;0,0,0;0,0,0;0,0,0;0,0,0;0,0,0;0,0,0;0,0,0;0,0,0;0,0,0;0,0,0;0,0,0;0,0,0;0,0,0;0,0,0;0,0,0;0,0,0;0,0,0;0,0,0;0,0,0;0,0,0;0,0,0;0,0,0;0,0,0;0,0,0;0,0,0;0,0,0;0,0,0;0,0,0;0,0,0;0,0,0;0,0,0
0,0,0;0,0,0;0,0,0;0,0,0;0,0,0;0,0,0;0,0,0;0,0,0;0,0,0;0,0,0;0,0,0;0,0,0;0,0,0;0,0,0;0,0,0;0,0,0;0,0,0;0,0,0;0,0,0;0,0,0;0,0,0;0,0,0;0,0,0;0,0,0;0,0,0;0,0,0;0,0,0;0,0,0;0,0,0;0,0,0;0,0,0;0,0,0;0,0,0;0,0,0;0,0,0;0,0,0;0,0,0;0,0,0;0,0,0;0,0,0
