0,0,0;0,0,0;0,0,0;0,0,0;0,0,0;0,0,0;0,0,0;0,0,0;0,0,0;0,0,0;0,0,0;0,0,0;0,0,0;0,0,0;0,0,0;0,0,0;0,0,0;0,0,0;0,0,0;0,0,0;0,0,0;0,0,0;0,0,0;0,0,0;0,0,0;0,0,0;0,0,0;0,0,0;0,0,0;0,0,0;0,0,0;0,0,0;0,0,0;0,0,0;0,0,0;0,0,0;0,0,0;0,0,0;0,0,0;0,0,0;0,0,0;0,0,0;0,0,0;0,0,0;0,0,0;0,0,0;0,0,0;0,0,0;0,0,0;0,0,0;0,0,0;0,0,0;0,0,0;0,0,0;0,0,0;0,0,0;0,0,0;0,0,0;0,0,0;0,0,0;0,0,0;0,0,0;0,0,0;0,0,0;0,0,0;0,0,0;0,0,0;0,0,0;0,0,0;0,0,0;0,0,0;0,0,0;0,0,0;0,0,0;0,0,0;0,0,0;0,0,0;0,0,0;0,0,0;0,0,0
0,0,0;0,0,0;0,0,0;0,0,0;0,0,0;0,0,0;0,0,0;0,0,0;0,0,0;0,0,0;0,0,0;0,0,0;0,0,0;0,0,0;0,0,0;0,0,0;0,0,0;0,0,0;0,0,0;0,0,0;0,0,0;0,0,0;0,0,0;0,0,0;0,0,0;0,0,0;0,0,0;0,0,0;0,0,0;0,0,0;0,0,0;0,0,0;0,0,0;0,0,0;0,0,0;0,0,0;0,0,0;0,0,0;0,0,0;0,0,0;0,0,0;0,0,0;0,0,0;0,0,0;0,0,0;0,0,0;0,0,0;0,0,0;0,0,0;0,0,0;0,0,0;0,0,0;0,0,0;0,0,0;0,0,0;0,0,0;0,0,0;0,0,0;0,0,0;0,0,0;0,0,0;0,0,0;0,0,0;0,0,0;0,0,0;0,0,0;0,0,0;0,0,0;0,0,0;0,0,0;0,0,0;0,0,0;0,0,0;0,0,0;0,0,0;0,0,0;0,0,0;0,0,0;0,0,0;0,0,0
0,0,0;0,0,0;0,0,0;0,0,0;0,0,0;0,0,0;0,0,0;0,0,0;0,0,0;0,0,0;0,0,0;0,0,0;0,0,0;0,0,0;0,0,0;0,0,0;0,0,0;0,0,0;0,0,0;0,0,0;0,0,0;0,0,0;0,0,0;0,0,0;0,0,0;0,0,0;0,0,0;0,0,0;0,0,0;0,0,0;0,0,0;0,0,0;0,0,0;0,0,0;0,0,0;0,0,0;0,0,0;0,0,0;0,0,0;0,0,0;0,0,0;0,0,0;0,0,0;0,0,0;0,0,0;0,0,0;0,0,0;0,0,0;0,0,0;0,0,0;0,0,0;0,0,0;0,0,0;0,0,0;0,0,0;0,0,0;0,0,0;0,0,0;0,0,0;0,0,0;0,0,0;0,0,0;0,0,0;0,0,0;0,0,0;0,0,0;0,0,0;0,0,0;0,0,0;0,0,0;0,0,0;0,0,0;0,0,0;0,0,0;0,0,0;0,0,0;0,0,0;0,0,0;0,0,0;0,0,0
0,0,0;0,0,0;0,0,0;0,0,0;0,0,0;0,0,0;0,0,0;0,0,0;0,0,0;0,0,0;0,0,0;0,0,0;0,0,0;0,0,0;0,0,0;0,0,0;0,0,0;0,0,0;0,0,0;0,0,0;0,0,0;0,0,0;0,0,0;0,0,0;0,0,0;0,0,0;0,0,0;0,0,0;0,0,0;0,0,0;0,0,0;0,0,0;0,0,0;0,0,0;0,0,0;0,0,0;0,0,0;0,0,0;0,0,0;0,0,0;0,0,0;0,0,0;0,0,0;0,0,0;0,0,0;0,0,0;0,0,0;0,0,0;0,0,0;0,0,0;0,0,0;0,0,0;0,0,0;0,0,0;0,0,0;0,0,0;0,0,0;0,0,0;0,0,0;0,0,0;0,0,0;0,0,0;0,0,0;0,0,0;0,0,0;0,0,0;0,0,0;0,0,0;0,0,0;0,0,0;0,0,0;0,0,0;0,0,0;0,0,0;0,0,0;0,0,0;0,0,0;0,0,0;0,0,0;0,0,0
0,0,0;0,0,0;0,0,0;0,0,0;0,0,0;0,0,0;0,0,0;0,0,0;0,0,0;0,0,0;0,0,0;0,0,0;0,0,0;0,0,0;0,0,0;0,0,0;0,0,0;0,0,0;0,0,0;0,0,0;0,0,0;0,0,0;0,0,0;0,0,0;0,0,0;0,0,0;0,0,0;0,0,0;0,0,0;0,0,0;0,0,0;0,0,0;0,0,0;0,0,0;0,0,0;0,0,0;16,18,16;16,18,16;16,18,16;16,18,16;16,18,16;0,0,0;0,0,0;0,0,0;0,0,0;0,0,0;0,0,0;0,0,0;0,0,0;0,0,0;0,0,0;0,0,0;0,0,0;0,0,0;0,0,0;0,0,0;0,0,0;0,0,0;0,0,0;0,0,0;0,0,0;0,0,0;0,0,0;0,0,0;0,0,0;0,0,0;0,0,0;0,0,0;0,0,0;0,0,0;0,0,0;0,0,0;0,0,0;0,0,0;0,0,0;0,0,0;0,0,0;0,0,0;0,0,0;0,0,0
0,0,0;0,0,0;0,0,0;0,0,0;0,0,0;0,0,0;0,0,0;0,0,0;0,0,0;0,0,0;0,0,0;0,0,0;0,0,0;0,0,0;0,0,0;0,0,0;0,0,0;0,0,0;0,0,0;0,0,0;0,0,0;0,0,0;0,0,0;0,0,0;0,0,0;0,0,0;0,0,0;0,0,0;0,0,0;0,0,0;0,0,0;0,0,0;0,0,0;16,18,16;16,18,16;16,18,16;236,231,237;236,231,237;236,231,237;237,233,238;237,233,238;17,19,18;17,19,18;17,18,16;0,0,0;0,0,0;0,0,0;0,0,0;0,0,0;0,0,0;0,0,0;0,0,0;0,0,0;0,0,0;0,0,0;0,0,0;0,0,0;0,0,0;0,0,0;0,0,0;0,0,0;0,0,0;0,0,0;0,0,0;0,0,0;0,0,0;0,0,0;0,0,0;0,0,0;0,0,0;0,0,0;0,0,0;0,0,0;0,0,0;0,0,0;0,0,0;0,0,0;0,0,0;0,0,0;0,0,0
0,0,0;0,0,0;0,0,0;0,0,0;0,0,0;0,0,0;0,0,0;0,0,0;0,0,0;0,0,0;0,0,0;0,0,0;0,0,0;0,0,0;0,0,0;0,0,0;0,0,0;0,0,0;0,0,0;0,0,0;0,0,0;0,0,0;0,0,0;0,0,0;0,0,0;0,0,0;0,0,0;0,0,0;0,0,0;0,0,0;0,0,0;0,0,0;15,17,15;236,231,237;237,233,238;237,233,238;198,121,212;198,121,212;198,121,212;198,121,212;198,121,212;232,225,232;232,225,232;236,232,237;13,9,14;15,16,14;0,0,0;0,0,0;0,0,0;0,0,0;0,0,0;0,0,0;0,0,0;0,0,0;0,0,0;0,0,0;0,0,0;0,0,0;0,0,0;0,0,0;0,0,0;0,0,0;0,0,0;0,0,0;0,0,0;0,0,0;0,0,0;0,0,0;0,0,0;0,0,0;0,0,0;0,0,0;0,0,0;0,0,0;0,0,0;0,0,0;0,0,0;0,0,0;0,0,0;0,0,0
0,0,0;0,0,0;0,0,0;0,0,0;0,0,0;0,0,0;0,0,0;0,0,0;0,0,0;0,0,0;0,0,0;0,0,0;0,0,0;0,0,0;0,0,0;0,0,0;0,0,0;0,0,0;0,0,0;0,0,0;0,0,0;0,0,0;0,0,0;0,0,0;0,0,0;0,0,0;0,0,0;0,0,0;0,0,0;0,0,0;15,15,15;12,7,13;231,222,230;198,121,212;198,121,212;198,121,212;198,121,212;198,121,212;198,121,212;151,47,151;151,47,151;156,55,153;157,56,154;198,121,212;198,121,212;230,226,231;12,7,13;15,15,15;0,0,0;0,0,0;0,0,0;0,0,0;0,0,0;0,0,0;0,0,0;0,0,0;0,0,0;0,0,0;0,0,0;0,0,0;0,0,0;0,0,0;0,0,0;0,0,0;0,0,0;0,0,0;0,0,0;0,0,0;0,0,0;0,0,0;0,0,0;0,0,0;0,0,0;0,0,0;0,0,0;0,0,0;0,0,0;0,0,0;0,0,0;0,0,0
0,0,0;0,0,0;0,0,0;0,0,0;0,0,0;0,0,0;0,0,0;0,0,0;0,0,0;0,0,0;0,0,0;0,0,0;0,0,0;0,0,0;0,0,0;0,0,0;0,0,0;0,0,0;0,0,0;0,0,0;0,0,0;0,0,0;0,0,0;0,0,0;0,0,0;0,0,0;0,0,0;0,0,0;0,0,0;0,0,0;240,240,240;198,121,212;198,121,212;198,121,212;148,42,146;148,42,146;198,121,212;198,121,212;198,121,212;198,121,212;198,121,212;148,42,146;144,35,141;148,42,146;153,46,151;198,121,212;198,121,212;240,240,240;0,0,0;0,0,0;0,0,0;0,0,0;0,0,0;0,0,0;0,0,0;0,0,0;0,0,0;0,0,0;0,0,0;0,0,0;0,0,0;0,0,0;0,0,0;0,0,0;0,0,0;0,0,0;0,0,0;0,0,0;0,0,0;0,0,0;0,0,0;0,0,0;0,0,0;0,0,0;0,0,0;0,0,0;0,0,0;0,0,0;0,0,0;0,0,0
0,0,0;0,0,0;0,0,0;0,0,0;0,0,0;0,0,0;0,0,0;0,0,0;0,0,0;0,0,0;0,0,0;0,0,0;0,0,0;0,0,0;0,0,0;0,0,0;0,0,0;0,0,0;0,0,0;0,0,0;0,0,0;0,0,0;7,7,7;0,0,0;0,0,0;0,0,0;0,0,0;0,0,0;0,0,0;0,0,0;255,255,255;198,121,212;198,121,212;148,43,146;145,38,142;145,38,142;198,121,212;198,121,212;198,121,212;198,121,212;198,121,212;198,121,212;146,39,143;145,38,142;145,38,142;147,40,145;198,121,212;255,255,255;0,0,0;0,0,0;0,0,0;0,0,0;0,0,0;0,0,0;0,0,0;0,0,0;0,0,0;0,0,0;0,0,0;0,0,0;0,0,0;0,0,0;0,0,0;0,0,0;0,0,0;0,0,0;0,0,0;0,0,0;0,0,0;0,0,0;0,0,0;0,0,0;0,0,0;0,0,0;0,0,0;0,0,0;0,0,0;0,0,0;0,0,0;0,0,0
0,0,0;0,0,0;0,0,0;0,0,0;0,0,0;0,0,0;0,0,0;0,0,0;0,0,0;0,0,0;0,0,0;0,0,0;0,0,0;0,0,0;0,0,0;0,0,0;0,0,0;0,0,0;0,0,0;0,0,0;0,0,0;0,0,0;7,7,7;0,0,0;0,0,0;0,0,0;0,0,0;0,0,0;0,0,0;0,0,0;255,255,255;198,121,212;198,121,212;147,41,145;145,38,142;146,39,143;149,44,147;198,121,212;198,121,212;195,116,208;195,116,208;150,45,148;145,38,142;144,38,143;145,38,142;147,40,145;198,121,212;255,255,255;0,0,0;0,0,0;0,0,0;0,0,0;0,0,0;0,0,0;0,0,0;0,0,0;0,0,0;0,0,0;0,0,0;0,0,0;0,0,0;0,0,0;0,0,0;0,0,0;0,0,0;0,0,0;0,0,0;0,0,0;0,0,0;0,0,0;0,0,0;0,0,0;0,0,0;0,0,0;0,0,0;0,0,0;0,0,0;0,0,0;0,0,0;0,0,0
0,0,0;0,0,0;0,0,0;0,0,0;0,0,0;0,0,0;0,0,0;0,0,0;0,0,0;0,0,0;0,0,0;0,0,0;0,0,0;0,0,0;0,0,0;0,0,0;0,0,0;0,0,0;0,0,0;0,0,0;0,0,0;0,0,0;7,7,7;0,0,0;0,0,0;0,0,0;0,0,0;0,0,0;0,0,0;0,0,0;241,241,241;198,121,212;198,121,212;198,121,212;148,42,146;144,35,141;143,34,140;147,40,145;147,40,145;147,40,145;147,40,145;143,34,140;149,44,147;156,42,140;153,46,151;198,121,212;198,121,212;241,241,241;0,0,0;0,0,0;0,0,0;0,0,0;0,0,0;0,0,0;0,0,0;0,0,0;0,0,0;0,0,0;0,0,0;0,0,0;0,0,0;0,0,0;0,0,0;0,0,0;0,0,0;0,0,0;0,0,0;0,0,0;0,0,0;0,0,0;0,0,0;0,0,0;0,0,0;0,0,0;0,0,0;0,0,0;0,0,0;0,0,0;0,0,0;0,0,0
0,0,0;0,0,0;0,0,0;0,0,0;0,0,0;0,0,0;0,0,0;0,0,0;0,0,0;0,0,0;0,0,0;0,0,0;0,0,0;0,0,0;0,0,0;0,0,0;0,0,0;0,0,0;0,0,0;0,0,0;0,0,0;0,0,0;7,7,7;0,0,0;0,0,0;0,0,0;0,0,0;0,0,0;0,0,0;0,0,0;20,20,20;12,7,13;240,235,240;235,223,233;198,121,212;156,56,154;157,56,154;156,55,153;156,55,153;156,55,153;156,55,153;157,56,154;198,121,212;198,121,212;198,121,212;237,232,238;20,15,21;19,19,19;0,0,0;0,0,0;0,0,0;0,0,0;0,0,0;0,0,0;0,0,0;0,0,0;0,0,0;0,0,0;0,0,0;0,0,0;0,0,0;0,0,0;0,0,0;0,0,0;0,0,0;0,0,0;0,0,0;0,0,0;0,0,0;0,0,0;0,0,0;0,0,0;0,0,0;0,0,0;0,0,0;0,0,0;0,0,0;0,0,0;0,0,0;0,0,0
0,0,0;0,0,0;0,0,0;0,0,0;0,0,0;0,0,0;0,0,0;0,0,0;0,0,0;0,0,0;0,0,0;0,0,0;0,0,0;0,0,0;0,0,0;0,0,0;0,0,0;0,0,0;0,0,0;0,0,0;4,4,4;1,1,1;7,7,7;0,0,0;0,0,0;0,0,0;0,0,0;0,0,0;0,0,0;0,0,0;0,0,0;0,0,0;28,29,28;17,19,17;236,232,237;229,226,232;232,225,232;232,225,232;232,225,232;232,225,232;232,225,232;232,225,232;198,121,212;236,233,238;13,9,14;18,20,18;0,0,0;0,0,0;0,0,0;0,0,0;0,0,0;0,0,0;0,0,0;0,0,0;0,0,0;0,0,0;0,0,0;0,0,0;0,0,0;0,0,0;0,0,0;0,0,0;0,0,0;0,0,0;0,0,0;0,0,0;0,0,0;0,0,0;0,0,0;0,0,0;0,0,0;0,0,0;0,0,0;0,0,0;0,0,0;0,0,0;0,0,0;0,0,0;0,0,0;0,0,0
0,0,0;0,0,0;0,0,0;0,0,0;0,0,0;0,0,0;0,0,0;0,0,0;0,0,0;0,0,0;0,0,0;0,0,0;0,0,0;0,0,0;0,0,0;0,0,0;0,0,0;0,0,0;0,0,0;0,0,0;1,1,1;0,0,0;7,7,7;0,0,0;0,0,0;0,0,0;0,0,0;0,0,0;0,0,0;0,0,0;0,0,0;0,0,0;0,0,0;0,0,0;17,18,16;18,19,17;17,19,18;17,19,18;17,19,18;17,19,18;17,19,18;17,19,18;12,7,13;16,18,16;0,0,0;0,0,0;0,0,0;0,0,0;0,0,0;0,0,0;0,0,0;0,0,0;0,0,0;0,0,0;0,0,0;0,0,0;0,0,0;0,0,0;0,0,0;0,0,0;0,0,0;0,0,0;0,0,0;0,0,0;0,0,0;0,0,0;0,0,0;0,0,0;0,0,0;0,0,0;0,0,0;0,0,0;0,0,0;0,0,0;0,0,0;0,0,0;0,0,0;0,0,0;0,0,0;0,0,0
0,0,0;0,0,0;0,0,0;0,0,0;0,0,0;0,0,0;0,0,0;3,2,3;18,11,19;14,9,15;14,9,15;18,11,19;3,2,3;0,0,0;0,0,0;0,0,0;0,1,0;0,0,0;0,0,0;0,0,0;0,0,0;0,0,0;2,2,2;17,11,19;18,11,19;18,11,19;17,11,19;0,0,0;0,0,0;0,0,0;0,0,0;0,0,0;0,0,0;0,0,0;0,0,0;0,0,0;0,0,0;0,0,0;0,0,0;0,0,0;0,0,0;0,0,0;0,0,0;0,0,0;0,0,0;0,0,0;17,11,19;18,11,19;18,11,19;18,11,19;18,11,19;3,2,3;0,0,0;0,0,0;0,0,0;17,11,19;18,11,19;18,11,19;17,11,19;0,0,0;0,0,0;0,0,0;0,0,0;0,0,0;0,0,0;0,0,0;0,0,0;0,0,0;0,0,0;3,2,3;14,9,15;14,9,15;3,2,3;0,0,0;0,0,0;0,0,0;0,0,0;0,0,0;0,0,0;0,0,0
0,0,0;0,0,0;0,0,0;0,0,0;0,0,0;0,0,0;0,0,0;6,3,7;198,121,212;198,121,212;198,121,212;198,121,212;6,3,7;0,0,0;0,0,0;0,0,0;21,16,23;0,0,0;0,0,0;0,0,0;0,0,0;3,2,3;24,14,26;198,121,212;198,121,212;198,121,212;198,121,212;25,15,27;3,2,3;3,2,3;14,9,15;14,9,15;8,5,9;17,11,19;14,9,15;14,9,15;8,5,9;17,11,19;14,9,15;14,9,15;3,2,3;0,0,0;0,0,0;3,2,3;14,9,15;25,15,27;198,121,212;198,121,212;198,121,212;198,121,212;198,121,212;5,3,6;0,0,0;0,0,0;19,12,21;198,121,212;198,121,212;198,121,212;198,121,212;19,12,21;0,0,0;0,0,0;0,0,0;0,0,0;14,9,15;0,0,0;0,0,0;0,0,0;0,0,0;5,3,6;198,121,212;198,121,212;5,3,6;0,0,0;0,0,0;0,0,0;0,0,0;0,0,0;0,0,0;0,0,0
0,0,0;0,0,0;0,0,0;0,0,0;0,0,0;0,0,0;0,0,0;3,2,3;20,12,22;198,121,212;198,121,212;20,12,22;3,2,3;3,2,3;18,11,19;20,12,23;198,121,212;20,12,23;18,11,19;3,2,3;0,0,0;5,3,6;198,121,212;43,26,46;35,21,38;35,21,38;43,26,46;198,121,212;5,3,6;5,3,6;198,121,212;198,121,212;38,23,41;198,121,212;198,121,212;198,121,212;38,23,41;198,121,212;198,121,212;198,121,212;5,3,6;0,0,0;0,0,0;5,3,6;198,121,212;198,121,212;28,17,30;20,12,22;35,21,38;35,21,38;32,19,35;5,3,6;0,0,0;5,3,6;198,121,212;43,26,46;35,21,38;35,21,38;43,26,46;198,121,212;5,3,6;3,2,3;18,11,19;20,12,23;198,121,212;20,12,23;18,11,19;3,2,3;0,0,0;5,3,6;198,121,212;198,121,212;5,3,6;0,0,0;0,0,0;0,0,0;0,0,0;0,0,0;0,0,0;0,0,0
0,0,0;0,0,0;0,0,0;0,0,0;0,0,0;0,0,0;0,0,0;0,0,0;0,0,0;198,121,212;198,121,212;0,0,0;0,0,0;6,3,7;198,121,212;198,121,212;198,121,212;198,121,212;198,121,212;5,3,6;0,0,0;5,3,6;198,121,212;198,121,212;198,121,212;198,121,212;198,121,212;198,121,212;5,3,6;5,3,6;198,121,212;198,121,212;198,121,212;37,22,40;198,121,212;198,121,212;198,121,212;37,22,40;198,121,212;198,121,212;5,3,6;0,0,0;0,0,0;5,3,6;198,121,212;198,121,212;0,0,0;0,0,0;198,121,212;168,103,180;198,121,212;5,3,6;0,0,0;5,3,6;198,121,212;198,121,212;198,121,212;198,121,212;198,121,212;198,121,212;5,3,7;6,3,7;198,121,212;198,121,212;198,121,212;198,121,212;198,121,212;5,3,6;0,0,0;5,3,6;198,121,212;198,121,212;5,3,6;0,0,0;0,0,0;0,0,0;0,0,0;0,0,0;0,0,0;0,0,0
0,0,0;0,0,0;0,0,0;0,0,0;0,0,0;0,0,0;0,0,0;3,2,3;20,12,22;198,121,212;198,121,212;20,12,22;3,2,3;3,2,3;18,11,19;20,12,22;198,121,212;35,21,38;35,21,38;5,3,6;0,0,0;5,3,6;198,121,212;43,26,46;35,21,38;35,21,38;35,21,38;17,10,18;3,2,3;5,3,6;198,121,212;198,121,212;20,12,22;10,6,12;198,121,212;198,121,212;20,12,22;10,6,12;198,121,212;198,121,212;5,3,6;0,0,0;0,0,0;5,3,6;198,121,212;198,121,212;20,12,22;20,12,22;35,21,38;35,21,38;198,121,212;5,3,6;0,0,0;5,3,6;198,121,212;43,26,46;35,21,38;35,21,38;35,21,38;17,10,18;3,2,3;3,2,3;18,11,19;20,12,22;198,121,212;35,21,38;35,21,38;5,3,6;0,0,0;5,3,6;32,19,35;32,19,35;5,3,6;0,0,0;0,0,0;0,0,0;0,0,0;0,0,0;0,0,0;0,0,0
0,0,0;0,0,0;0,0,0;0,0,0;0,0,0;0,0,0;0,0,0;6,3,7;198,121,212;198,121,212;198,121,212;198,121,212;6,3,7;0,0,0;0,0,0;2,1,3;198,121,212;198,121,212;198,121,212;5,3,6;0,0,0;3,2,3;25,15,27;198,121,212;198,121,212;198,121,212;198,121,212;2,1,3;0,0,0;5,3,6;198,121,212;198,121,212;2,1,3;4,3,5;198,121,212;198,121,212;2,1,3;4,3,5;198,121,212;198,121,212;5,3,6;0,0,0;0,0,0;5,3,6;198,121,212;198,121,212;198,121,212;198,121,212;198,121,212;198,121,212;198,121,212;5,3,6;0,0,0;3,2,3;25,15,27;198,121,212;198,121,212;198,121,212;198,121,212;2,1,3;0,0,0;0,0,0;0,0,0;2,1,3;198,121,212;198,121,212;198,121,212;5,3,6;0,0,0;5,3,6;198,121,212;198,121,212;198,121,212;0,0,0;0,0,0;0,0,0;0,0,0;0,0,0;0,0,0;0,0,0
0,0,0;0,0,0;0,0,0;0,0,0;0,0,0;0,0,0;0,0,0;3,2,3;18,11,19;14,9,15;14,9,15;18,11,19;3,2,3;0,0,0;0,0,0;3,2,3;14,9,15;18,11,19;18,11,19;3,2,3;0,0,0;0,0,0;0,0,0;17,11,19;18,11,19;18,11,19;18,11,19;3,2,3;0,0,0;3,2,3;14,9,15;14,9,15;3,2,3;3,2,3;14,9,15;14,9,15;3,2,3;3,2,3;14,9,15;14,9,15;3,2,3;0,0,0;0,0,0;3,2,3;14,9,15;14,9,15;18,11,19;18,11,19;18,11,19;18,11,19;14,9,15;3,2,3;0,0,0;0,0,0;0,0,0;17,11,19;18,11,19;18,11,19;18,11,19;3,2,3;0,0,0;0,0,0;0,0,0;3,2,3;14,9,15;18,11,19;18,11,19;3,2,3;0,0,0;3,2,3;18,11,19;18,11,19;3,2,3;0,0,0;0,0,0;0,0,0;0,0,0;0,0,0;0,0,0;0,0,0
0,0,0;0,0,0;0,0,0;0,0,0;0,0,0;0,0,0;0,0,0;0,0,0;0,0,0;0,0,0;0,0,0;0,0,0;0,0,0;0,0,0;0,0,0;0,0,0;0,0,0;0,0,0;0,0,0;0,0,0;0,0,0;0,0,0;0,0,0;0,0,0;0,0,0;0,0,0;0,0,0;0,0,0;0,0,0;0,0,0;0,0,0;0,0,0;0,0,0;0,0,0;0,0,0;0,0,0;0,0,0;0,0,0;0,0,0;0,0,0;0,0,0;0,0,0;0,0,0;0,0,0;0,0,0;0,0,0;0,0,0;0,0,0;0,0,0;0,0,0;0,0,0;0,0,0;0,0,0;0,0,0;0,0,0;0,0,0;0,0,0;0,0,0;0,0,0;0,0,0;0,0,0;0,0,0;0,0,0;0,0,0;0,0,0;0,0,0;0,0,0;0,0,0;0,0,0;0,0,0;0,0,0;0,0,0;0,0,0;0,0,0;0,0,0;0,0,0;0,0,0;0,0,0;0,0,0;0,0,0
0,0,0;0,0,0;0,0,0;0,0,0;0,0,0;0,0,0;0,0,0;0,0,0;0,0,0;0,0,0;0,0,0;0,0,0;0,0,0;0,0,0;0,0,0;0,0,0;0,0,0;0,0,0;0,0,0;0,0,0;0,0,0;0,0,0;0,0,0;0,0,0;0,0,0;0,0,0;0,0,0;0,0,0;0,0,0;0,0,0;0,0,0;0,0,0;0,0,0;0,0,0;0,0,0;0,0,0;0,0,0;0,0,0;0,0,0;0,0,0;0,0,0;0,0,0;0,0,0;0,0,0;0,0,0;0,0,0;0,0,0;0,0,0;0,0,0;0,0,0;0,0,0;0,0,0;0,0,0;0,0,0;0,0,0;0,0,0;0,0,0;0,0,0;0,0,0;0,0,0;0,0,0;0,0,0;0,0,0;0,0,0;0,0,0;0,0,0;0,0,0;0,0,0;0,0,0;0,0,0;0,0,0;0,0,0;0,0,0;0,0,0;0,0,0;0,0,0;0,0,0;0,0,0;0,0,0;0,0,0
0,0,0;0,0,0;0,0,0;0,0,0;0,0,0;0,0,0;0,0,0;0,0,0;0,0,0;0,0,0;0,0,0;0,0,0;0,0,0;0,0,0;0,0,0;0,0,0;0,0,0;0,0,0;0,0,0;0,0,0;0,0,0;0,0,0;0,0,0;0,0,0;0,0,0;0,0,0;0,0,0;0,0,0;0,0,0;0,0,0;0,0,0;0,0,0;0,0,0;0,0,0;0,0,0;0,0,0;0,0,0;0,0,0;0,0,0;0,0,0;0,0,0;0,0,0;0,0,0;0,0,0;0,0,0;0,0,0;0,0,0;0,0,0;0,0,0;0,0,0;0,0,0;0,0,0;0,0,0;0,0,0;0,0,0;0,0,0;0,0,0;0,0,0;0,0,0;0,0,0;0,0,0;0,0,0;0,0,0;0,0,0;0,0,0;0,0,0;0,0,0;0,0,0;0,0,0;0,0,0;0,0,0;0,0,0;0,0,0;0,0,0;0,0,0;0,0,0;0,0,0;0,0,0;0,0,0;0,0,0
0,0,0;0,0,0;0,0,0;0,0,0;0,0,0;0,0,0;0,0,0;0,0,0;0,0,0;0,0,0;0,0,0;0,0,0;0,0,0;0,0,0;0,0,0;0,0,0;0,0,0;0,0,0;0,0,0;0,0,0;0,0,0;0,0,0;0,0,0;0,0,0;0,0,0;0,0,0;0,0,0;0,0,0;0,0,0;0,0,0;0,0,0;0,0,0;0,0,0;0,0,0;0,0,0;0,0,0;0,0,0;0,0,0;0,0,0;0,0,0;0,0,0;0,0,0;0,0,0;0,0,0;0,0,0;0,0,0;0,0,0;0,0,0;0,0,0;0,0,0;0,0,0;0,0,0;0,0,0;0,0,0;0,0,0;0,0,0;0,0,0;0,0,0;0,0,0;0,0,0;0,0,0;0,0,0;0,0,0;0,0,0;0,0,0;0,0,0;0,0,0;0,0,0;0,0,0;0,0,0;0,0,0;0,0,0;0,0,0;0,0,0;0,0,0;0,0,0;0,0,0;0,0,0;0,0,0;0,0,0
