0,0,0;0,0,0;0,0,0;0,0,0;0,0,0;0,0,0;0,0,0;0,0,0;0,0,0;0,0,0;0,0,0;0,0,0;0,0,0;0,0,0;0,0,0;0,0,0
0,0,0;0,0,0;0,0,0;0,0,0;0,0,0;0,0,0;0,0,0;0,0,0;0,0,0;0,0,0;0,0,0;0,0,0;0,0,0;0,0,0;0,0,0;0,0,0
0,0,0;0,0,0;0,0,0;255,255,255;0,0,0;255,255,255;255,255,255;150,150,150;150,150,150;255,255,255;255,255,255;0,0,0;0,0,0;0,0,0;0,0,0;0,0,0
0,0,0;0,0,0;0,0,0;255,255,255;0,0,0;255,255,255;255,255,255;150,150,150;150,150,150;255,255,255;255,255,255;0,0,0;0,0,0;0,0,0;0,0,0;0,0,0
0,0,0;0,0,0;255,255,255;255,255,255;150,150,150;150,150,150;150,150,150;150,150,150;150,150,150;150,150,150;255,255,255;255,255,255;255,255,255;0,0,0;0,0,0;0,0,0
0,0,0;0,0,0;255,255,255;255,255,255;150,150,150;150,150,150;150,150,150;150,150,150;150,150,150;150,150,150;255,255,255;255,255,255;255,255,255;0,0,0;0,0,0;0,0,0
0,0,0;0,0,0;0,0,0;150,150,150;150,150,150;128,128,0;128,128,0;150,150,150;128,128,0;128,128,0;128,128,0;255,255,255;0,0,0;0,0,0;0,0,0;0,0,0
0,0,0;0,0,0;0,0,0;150,150,150;150,150,150;128,128,0;128,128,0;150,150,150;128,128,0;128,128,0;128,128,0;255,255,255;0,0,0;0,0,0;0,0,0;0,0,0
0,0,0;0,0,0;150,150,150;128,128,0;150,150,150;128,128,0;0,0,0;128,128,0;128,128,0;0,0,0;128,128,0;0,0,0;255,255,255;0,0,0;0,0,0;0,0,0
0,0,0;0,0,0;150,150,150;128,128,0;150,150,150;128,128,0;0,0,0;128,128,0;128,128,0;0,0,0;128,128,0;0,0,0;255,255,255;0,0,0;0,0,0;0,0,0
0,0,0;0,0,0;0,0,0;0,0,0;255,0,0;255,0,0;128,128,0;128,128,0;128,128,0;128,128,0;255,0,0;0,0,0;0,0,0;0,0,0;0,0,0;0,0,0
0,0,0;0,0,0;0,0,0;0,0,0;255,0,0;255,0,0;128,128,0;128,128,0;128,128,0;128,128,0;255,0,0;0,0,0;0,0,0;0,0,0;0,0,0;0,0,0
0,0,0;0,0,0;0,0,0;0,0,0;0,0,0;150,150,150;128,128,0;128,128,0;128,128,0;150,150,150;0,0,0;0,0,0;0,0,0;0,0,0;0,0,0;0,0,0
0,0,0;0,0,0;0,0,0;0,0,0;0,0,0;150,150,150;128,128,0;128,128,0;128,128,0;150,150,150;0,0,0;0,0,0;0,0,0;0,0,0;0,0,0;0,0,0
0,0,0;150,150,150;150,150,150;150,150,150;150,150,150;150,150,150;0,0,0;0,0,0;0,0,0;150,150,150;150,150,150;150,150,150;150,150,150;255,255,255;0,0,0;0,0,0
0,0,0;150,150,150;150,150,150;150,150,150;150,150,150;150,150,150;0,0,0;0,0,0;0,0,0;150,150,150;150,150,150;150,150,150;150,150,150;255,255,255;0,0,0;0,0,0
